04032018;201C00021700;A;7;MOR1;2621,85;2018;3;8,18;30,85;92,54;ALOA;;12
15032018;101A00258200;A;7;MOR1;2894,99;2018;3;9,59;35,74;107,23;ALOA;;12
12032018;101A00292400;A;7;MOR1;0;2018;3;11,35;0;0;ALOA;;12
22032018;301A00183200;A;7;MOR3;0;2018;3;52,79;0;0,01;ACB;;12
04032018;101A00080900;A;7;MOR3;2690,96;2018;3;52,56;33,22;99,67;ALOA;191,42;12
10032018;101B00299600;A;7;MOR3;3417,9;2018;3;171,13;42,2;126,59;ALOA;0;12
04032018;301A00080900;A;7;MOR3;2823,85;2018;3;52,56;33,22;99,67;ALOA;191,42;12
05032018;101B00102500;A;7;MOR3;2456,67;2018;3;181,35;30,33;90,99;ACB;24,48;12
06032018;201D00102500;A;7;MOR3;2577,99;2018;3;6,06;30,33;90,99;ACB;24,48;12
07032018;101B00307800;A;7;MOR3;1017,2;2018;3;201,24;12,56;37,68;ACB;0;12
08032018;201C00307800;A;7;MOR3;1067,43;2018;3;0;12,56;37,68;ACB;0;12
09032018;101B00160700;A;7;MOR3;300;2018;3;197,34;2,63;7,88;ALOA;20,51;12
10032018;101B00386600;A;7;MOR4;0;2018;3;191,43;0;0,01;ALOA;;12
11032018;201D00386600;A;7;MOR4;0;2018;3;0,07;0;0,01;ACB;;12
12032018;201D00299600;A;7;SMOR;3586,69;2018;3;7,88;42,2;126,59;ALOA;;12
13032018;101A00009100;A;7;MOR1;710,75;2018;3;9,91;8,77;26,33;ALOA;;12
14032018;201A00009100;A;7;MOR1;745,85;2018;3;123,42;8,77;26,33;ALOA;;12
